17
85
1000
1
[[8, 11], [14, 13], [7, 7], [2, 5], [13, 11]]
[0, 0, 0, 1, 0]
[[7, 12], [15, 3], [9, 5], [4, 1], [13, 7]]
[[1, 1, 1, 1, 1, 1, 1, 1, 1, 1, 1, 1, 1, 1, 1, 1, 1], [1, 0, 0, 0, 1, 2, 0, 0, 0, 0, 0, 0, 0, 0, 0, 0, 1], [1, 1, 1, 0, 1, 3, 1, 1, 1, 1, 1, 1, 1, 0, 1, 1, 1], [1, 0, 0, 0, 0, 0, 0, 0, 0, 0, 0, 0, 1, 0, 0, 0, 1], [1, 4, 1, 1, 1, 1, 1, 1, 1, 1, 1, 1, 1, 1, 1, 1, 1], [1, 0, 1, 0, 1, 0, 0, 0, 0, 0, 0, 0, 0, 0, 0, 0, 1], [1, 0, 1, 0, 1, 1, 1, 1, 1, 1, 1, 0, 1, 1, 1, 1, 1], [1, 0, 1, 0, 1, 0, 0, 3, 0, 0, 1, 0, 4, 0, 0, 0, 1], [1, 0, 1, 0, 1, 0, 1, 0, 1, 1, 1, 3, 1, 0, 1, 0, 1], [1, 0, 0, 0, 1, 4, 1, 0, 0, 0, 1, 0, 1, 0, 1, 0, 1], [1, 0, 1, 0, 1, 0, 1, 0, 1, 0, 1, 0, 1, 0, 1, 0, 1], [1, 0, 1, 0, 1, 0, 1, 0, 1, 0, 1, 0, 1, 0, 1, 0, 1], [1, 0, 1, 0, 1, 0, 1, 0, 1, 0, 1, 1, 1, 1, 1, 0, 1], [1, 0, 1, 0, 1, 0, 1, 4, 1, 0, 1, 3, 1, 0, 0, 0, 1], [1, 0, 1, 0, 1, 0, 1, 0, 1, 1, 1, 0, 1, 3, 1, 1, 1], [1, 0, 1, 4, 0, 0, 1, 0, 0, 0, 0, 0, 0, 0, 0, 0, 1], [1, 1, 1, 1, 1, 1, 1, 1, 1, 1, 1, 1, 1, 1, 1, 1, 1]]
1
1
5
[3, 2, 1, 1, 2]
[1, 1, 1, 2, 3]